 variables=x,r,u,p
 -0.100000000000E+01  0.100000000000E+01  0.000000000000E+00  0.100000000000E+01
 -0.990000000000E+00  0.100000000000E+01  0.000000000000E+00  0.100000000000E+01
 -0.980000000000E+00  0.100000000000E+01  0.000000000000E+00  0.100000000000E+01
 -0.970000000000E+00  0.100000000000E+01  0.000000000000E+00  0.100000000000E+01
 -0.960000000000E+00  0.100000000000E+01  0.000000000000E+00  0.100000000000E+01
 -0.950000000000E+00  0.100000000000E+01  0.000000000000E+00  0.100000000000E+01
 -0.940000000000E+00  0.100000000000E+01  0.000000000000E+00  0.100000000000E+01
 -0.930000000000E+00  0.100000000000E+01  0.000000000000E+00  0.100000000000E+01
 -0.920000000000E+00  0.100000000000E+01  0.000000000000E+00  0.100000000000E+01
 -0.910000000000E+00  0.100000000000E+01  0.000000000000E+00  0.100000000000E+01
 -0.900000000000E+00  0.100000000000E+01  0.000000000000E+00  0.100000000000E+01
 -0.890000000000E+00  0.100000000000E+01  0.000000000000E+00  0.100000000000E+01
 -0.880000000000E+00  0.100000000000E+01  0.000000000000E+00  0.100000000000E+01
 -0.870000000000E+00  0.100000000000E+01  0.000000000000E+00  0.100000000000E+01
 -0.860000000000E+00  0.100000000000E+01  0.000000000000E+00  0.100000000000E+01
 -0.850000000000E+00  0.100000000000E+01  0.000000000000E+00  0.100000000000E+01
 -0.840000000000E+00  0.100000000000E+01  0.000000000000E+00  0.100000000000E+01
 -0.830000000000E+00  0.100000000000E+01  0.000000000000E+00  0.100000000000E+01
 -0.820000000000E+00  0.100000000000E+01  0.000000000000E+00  0.100000000000E+01
 -0.810000000000E+00  0.100000000000E+01  0.000000000000E+00  0.100000000000E+01
 -0.800000000000E+00  0.100000000000E+01  0.000000000000E+00  0.100000000000E+01
 -0.790000000000E+00  0.100000000000E+01  0.000000000000E+00  0.100000000000E+01
 -0.780000000000E+00  0.100000000000E+01  0.000000000000E+00  0.100000000000E+01
 -0.770000000000E+00  0.100000000000E+01  0.000000000000E+00  0.100000000000E+01
 -0.760000000000E+00  0.100000000000E+01  0.000000000000E+00  0.100000000000E+01
 -0.750000000000E+00  0.100000000000E+01  0.000000000000E+00  0.100000000000E+01
 -0.740000000000E+00  0.100000000000E+01  0.000000000000E+00  0.100000000000E+01
 -0.730000000000E+00  0.100000000000E+01  0.000000000000E+00  0.100000000000E+01
 -0.720000000000E+00  0.100000000000E+01  0.000000000000E+00  0.100000000000E+01
 -0.710000000000E+00  0.100000000000E+01  0.000000000000E+00  0.100000000000E+01
 -0.700000000000E+00  0.100000000000E+01  0.000000000000E+00  0.100000000000E+01
 -0.690000000000E+00  0.100000000000E+01  0.000000000000E+00  0.100000000000E+01
 -0.680000000000E+00  0.100000000000E+01  0.000000000000E+00  0.100000000000E+01
 -0.670000000000E+00  0.100000000000E+01  0.000000000000E+00  0.100000000000E+01
 -0.660000000000E+00  0.100000000000E+01  0.000000000000E+00  0.100000000000E+01
 -0.650000000000E+00  0.100000000000E+01  0.000000000000E+00  0.100000000000E+01
 -0.640000000000E+00  0.100000000000E+01  0.000000000000E+00  0.100000000000E+01
 -0.630000000000E+00  0.100000000000E+01  0.000000000000E+00  0.100000000000E+01
 -0.620000000000E+00  0.100000000000E+01  0.000000000000E+00  0.100000000000E+01
 -0.610000000000E+00  0.100000000000E+01  0.000000000000E+00  0.100000000000E+01
 -0.600000000000E+00  0.100000000000E+01  0.000000000000E+00  0.100000000000E+01
 -0.590000000000E+00  0.100000000000E+01  0.000000000000E+00  0.100000000000E+01
 -0.580000000000E+00  0.100000000000E+01  0.000000000000E+00  0.100000000000E+01
 -0.570000000000E+00  0.100000000000E+01  0.000000000000E+00  0.100000000000E+01
 -0.560000000000E+00  0.100000000000E+01  0.000000000000E+00  0.100000000000E+01
 -0.550000000000E+00  0.100000000000E+01  0.000000000000E+00  0.100000000000E+01
 -0.540000000000E+00  0.100000000000E+01  0.000000000000E+00  0.100000000000E+01
 -0.530000000000E+00  0.100000000000E+01  0.000000000000E+00  0.100000000000E+01
 -0.520000000000E+00  0.100000000000E+01  0.000000000000E+00  0.100000000000E+01
 -0.510000000000E+00  0.100000000000E+01  0.000000000000E+00  0.100000000000E+01
 -0.500000000000E+00  0.100000000000E+01  0.000000000000E+00  0.100000000000E+01
 -0.490000000000E+00  0.100000000000E+01  0.000000000000E+00  0.100000000000E+01
 -0.480000000000E+00  0.100000000000E+01  0.000000000000E+00  0.100000000000E+01
 -0.470000000000E+00  0.100000000000E+01  0.000000000000E+00  0.100000000000E+01
 -0.460000000000E+00  0.100000000000E+01  0.000000000000E+00  0.100000000000E+01
 -0.450000000000E+00  0.100000000000E+01  0.000000000000E+00  0.100000000000E+01
 -0.440000000000E+00  0.100000000000E+01  0.000000000000E+00  0.100000000000E+01
 -0.430000000000E+00  0.100000000000E+01  0.000000000000E+00  0.100000000000E+01
 -0.420000000000E+00  0.100000000000E+01  0.000000000000E+00  0.100000000000E+01
 -0.410000000000E+00  0.100000000000E+01  0.000000000000E+00  0.100000000000E+01
 -0.400000000000E+00  0.100000000000E+01  0.000000000000E+00  0.100000000000E+01
 -0.390000000000E+00  0.100000000000E+01  0.000000000000E+00  0.100000000000E+01
 -0.380000000000E+00  0.100000000000E+01  0.000000000000E+00  0.100000000000E+01
 -0.370000000000E+00  0.100000000000E+01  0.000000000000E+00  0.100000000000E+01
 -0.360000000000E+00  0.100000000000E+01  0.000000000000E+00  0.100000000000E+01
 -0.350000000000E+00  0.100000000000E+01  0.000000000000E+00  0.100000000000E+01
 -0.340000000000E+00  0.100000000000E+01  0.000000000000E+00  0.100000000000E+01
 -0.330000000000E+00  0.100000000000E+01  0.000000000000E+00  0.100000000000E+01
 -0.320000000000E+00  0.100000000000E+01  0.000000000000E+00  0.100000000000E+01
 -0.310000000000E+00  0.100000000000E+01  0.000000000000E+00  0.100000000000E+01
 -0.300000000000E+00  0.100000000000E+01  0.000000000000E+00  0.100000000000E+01
 -0.290000000000E+00  0.100000000000E+01  0.000000000000E+00  0.100000000000E+01
 -0.280000000000E+00  0.100000000000E+01  0.000000000000E+00  0.100000000000E+01
 -0.270000000000E+00  0.100000000000E+01  0.000000000000E+00  0.100000000000E+01
 -0.260000000000E+00  0.100000000000E+01  0.000000000000E+00  0.100000000000E+01
 -0.250000000000E+00  0.100000000000E+01  0.000000000000E+00  0.100000000000E+01
 -0.240000000000E+00  0.100000000000E+01  0.000000000000E+00  0.100000000000E+01
 -0.230000000000E+00  0.976824047638E+00  0.276799638499E-01  0.967704765278E+00
 -0.220000000000E+00  0.942749376035E+00  0.693466305166E-01  0.920777620223E+00
 -0.210000000000E+00  0.909632313497E+00  0.111013297183E+00  0.875814702617E+00
 -0.200000000000E+00  0.877452532755E+00  0.152679963850E+00  0.832747015050E+00
 -0.190000000000E+00  0.846189996260E+00  0.194346630517E+00  0.791507512835E+00
 -0.180000000000E+00  0.815824954099E+00  0.236013297183E+00  0.752031062257E+00
 -0.170000000000E+00  0.786337941915E+00  0.277679963850E+00  0.714254399434E+00
 -0.160000000000E+00  0.757709778830E+00  0.319346630517E+00  0.678116089760E+00
 -0.150000000000E+00  0.729921565367E+00  0.361013297183E+00  0.643556487947E+00
 -0.140000000000E+00  0.702954681365E+00  0.402679963850E+00  0.610517698652E+00
 -0.130000000000E+00  0.676790783905E+00  0.444346630517E+00  0.578943537681E+00
 -0.120000000000E+00  0.651411805226E+00  0.486013297183E+00  0.548779493779E+00
 -0.110000000000E+00  0.626799950650E+00  0.527679963850E+00  0.519972690982E+00
 -0.100000000000E+00  0.602937696498E+00  0.569346630517E+00  0.492471851553E+00
 -0.900000000000E-01  0.579807788015E+00  0.611013297183E+00  0.466227259466E+00
 -0.800000000000E-01  0.557393237288E+00  0.652679963850E+00  0.441190724463E+00
 -0.700000000000E-01  0.546662990720E+00  0.673102732054E+00  0.429346119663E+00
 -0.600000000000E-01  0.546662990720E+00  0.673102732054E+00  0.429346119663E+00
 -0.500000000000E-01  0.546662990720E+00  0.673102732054E+00  0.429346119663E+00
 -0.400000000000E-01  0.546662990720E+00  0.673102732054E+00  0.429346119663E+00
 -0.300000000000E-01  0.546662990720E+00  0.673102732054E+00  0.429346119663E+00
 -0.200000000000E-01  0.546662990720E+00  0.673102732054E+00  0.429346119663E+00
 -0.100000000000E-01  0.546662990720E+00  0.673102732054E+00  0.429346119663E+00
  0.000000000000E+00  0.546662990720E+00  0.673102732054E+00  0.429346119663E+00
  0.100000000000E-01  0.546662990720E+00  0.673102732054E+00  0.429346119663E+00
  0.200000000000E-01  0.546662990720E+00  0.673102732054E+00  0.429346119663E+00
  0.300000000000E-01  0.546662990720E+00  0.673102732054E+00  0.429346119663E+00
  0.400000000000E-01  0.546662990720E+00  0.673102732054E+00  0.429346119663E+00
  0.500000000000E-01  0.546662990720E+00  0.673102732054E+00  0.429346119663E+00
  0.600000000000E-01  0.546662990720E+00  0.673102732054E+00  0.429346119663E+00
  0.700000000000E-01  0.546662990720E+00  0.673102732054E+00  0.429346119663E+00
  0.800000000000E-01  0.546662990720E+00  0.673102732054E+00  0.429346119663E+00
  0.900000000000E-01  0.546662990720E+00  0.673102732054E+00  0.429346119663E+00
  0.100000000000E+00  0.546662990720E+00  0.673102732054E+00  0.429346119663E+00
  0.110000000000E+00  0.546662990720E+00  0.673102732054E+00  0.429346119663E+00
  0.120000000000E+00  0.546662990720E+00  0.673102732054E+00  0.429346119663E+00
  0.130000000000E+00  0.546662990720E+00  0.673102732054E+00  0.429346119663E+00
  0.140000000000E+00  0.457327947742E+00  0.673102732054E+00  0.429346119663E+00
  0.150000000000E+00  0.457327947742E+00  0.673102732054E+00  0.429346119663E+00
  0.160000000000E+00  0.457327947742E+00  0.673102732054E+00  0.429346119663E+00
  0.170000000000E+00  0.457327947742E+00  0.673102732054E+00  0.429346119663E+00
  0.180000000000E+00  0.457327947742E+00  0.673102732054E+00  0.429346119663E+00
  0.190000000000E+00  0.457327947742E+00  0.673102732054E+00  0.429346119663E+00
  0.200000000000E+00  0.457327947742E+00  0.673102732054E+00  0.429346119663E+00
  0.210000000000E+00  0.457327947742E+00  0.673102732054E+00  0.429346119663E+00
  0.220000000000E+00  0.457327947742E+00  0.673102732054E+00  0.429346119663E+00
  0.230000000000E+00  0.457327947742E+00  0.673102732054E+00  0.429346119663E+00
  0.240000000000E+00  0.457327947742E+00  0.673102732054E+00  0.429346119663E+00
  0.250000000000E+00  0.457327947742E+00  0.673102732054E+00  0.429346119663E+00
  0.260000000000E+00  0.457327947742E+00  0.673102732054E+00  0.429346119663E+00
  0.270000000000E+00  0.457327947742E+00  0.673102732054E+00  0.429346119663E+00
  0.280000000000E+00  0.457327947742E+00  0.673102732054E+00  0.429346119663E+00
  0.290000000000E+00  0.457327947742E+00  0.673102732054E+00  0.429346119663E+00
  0.300000000000E+00  0.250000000000E+00  0.000000000000E+00  0.179500000000E+00
  0.310000000000E+00  0.250000000000E+00  0.000000000000E+00  0.179500000000E+00
  0.320000000000E+00  0.250000000000E+00  0.000000000000E+00  0.179500000000E+00
  0.330000000000E+00  0.250000000000E+00  0.000000000000E+00  0.179500000000E+00
  0.340000000000E+00  0.250000000000E+00  0.000000000000E+00  0.179500000000E+00
  0.350000000000E+00  0.250000000000E+00  0.000000000000E+00  0.179500000000E+00
  0.360000000000E+00  0.250000000000E+00  0.000000000000E+00  0.179500000000E+00
  0.370000000000E+00  0.250000000000E+00  0.000000000000E+00  0.179500000000E+00
  0.380000000000E+00  0.250000000000E+00  0.000000000000E+00  0.179500000000E+00
  0.390000000000E+00  0.250000000000E+00  0.000000000000E+00  0.179500000000E+00
  0.400000000000E+00  0.250000000000E+00  0.000000000000E+00  0.179500000000E+00
  0.410000000000E+00  0.250000000000E+00  0.000000000000E+00  0.179500000000E+00
  0.420000000000E+00  0.250000000000E+00  0.000000000000E+00  0.179500000000E+00
  0.430000000000E+00  0.250000000000E+00  0.000000000000E+00  0.179500000000E+00
  0.440000000000E+00  0.250000000000E+00  0.000000000000E+00  0.179500000000E+00
  0.450000000000E+00  0.250000000000E+00  0.000000000000E+00  0.179500000000E+00
  0.460000000000E+00  0.250000000000E+00  0.000000000000E+00  0.179500000000E+00
  0.470000000000E+00  0.250000000000E+00  0.000000000000E+00  0.179500000000E+00
  0.480000000000E+00  0.250000000000E+00  0.000000000000E+00  0.179500000000E+00
  0.490000000000E+00  0.250000000000E+00  0.000000000000E+00  0.179500000000E+00
  0.500000000000E+00  0.250000000000E+00  0.000000000000E+00  0.179500000000E+00
  0.510000000000E+00  0.250000000000E+00  0.000000000000E+00  0.179500000000E+00
  0.520000000000E+00  0.250000000000E+00  0.000000000000E+00  0.179500000000E+00
  0.530000000000E+00  0.250000000000E+00  0.000000000000E+00  0.179500000000E+00
  0.540000000000E+00  0.250000000000E+00  0.000000000000E+00  0.179500000000E+00
  0.550000000000E+00  0.250000000000E+00  0.000000000000E+00  0.179500000000E+00
  0.560000000000E+00  0.250000000000E+00  0.000000000000E+00  0.179500000000E+00
  0.570000000000E+00  0.250000000000E+00  0.000000000000E+00  0.179500000000E+00
  0.580000000000E+00  0.250000000000E+00  0.000000000000E+00  0.179500000000E+00
  0.590000000000E+00  0.250000000000E+00  0.000000000000E+00  0.179500000000E+00
  0.600000000000E+00  0.250000000000E+00  0.000000000000E+00  0.179500000000E+00
  0.610000000000E+00  0.250000000000E+00  0.000000000000E+00  0.179500000000E+00
  0.620000000000E+00  0.250000000000E+00  0.000000000000E+00  0.179500000000E+00
  0.630000000000E+00  0.250000000000E+00  0.000000000000E+00  0.179500000000E+00
  0.640000000000E+00  0.250000000000E+00  0.000000000000E+00  0.179500000000E+00
  0.650000000000E+00  0.250000000000E+00  0.000000000000E+00  0.179500000000E+00
  0.660000000000E+00  0.250000000000E+00  0.000000000000E+00  0.179500000000E+00
  0.670000000000E+00  0.250000000000E+00  0.000000000000E+00  0.179500000000E+00
  0.680000000000E+00  0.250000000000E+00  0.000000000000E+00  0.179500000000E+00
  0.690000000000E+00  0.250000000000E+00  0.000000000000E+00  0.179500000000E+00
  0.700000000000E+00  0.250000000000E+00  0.000000000000E+00  0.179500000000E+00
  0.710000000000E+00  0.250000000000E+00  0.000000000000E+00  0.179500000000E+00
  0.720000000000E+00  0.250000000000E+00  0.000000000000E+00  0.179500000000E+00
  0.730000000000E+00  0.250000000000E+00  0.000000000000E+00  0.179500000000E+00
  0.740000000000E+00  0.250000000000E+00  0.000000000000E+00  0.179500000000E+00
  0.750000000000E+00  0.250000000000E+00  0.000000000000E+00  0.179500000000E+00
  0.760000000000E+00  0.250000000000E+00  0.000000000000E+00  0.179500000000E+00
  0.770000000000E+00  0.250000000000E+00  0.000000000000E+00  0.179500000000E+00
  0.780000000000E+00  0.250000000000E+00  0.000000000000E+00  0.179500000000E+00
  0.790000000000E+00  0.250000000000E+00  0.000000000000E+00  0.179500000000E+00
  0.800000000000E+00  0.250000000000E+00  0.000000000000E+00  0.179500000000E+00
  0.810000000000E+00  0.250000000000E+00  0.000000000000E+00  0.179500000000E+00
  0.820000000000E+00  0.250000000000E+00  0.000000000000E+00  0.179500000000E+00
  0.830000000000E+00  0.250000000000E+00  0.000000000000E+00  0.179500000000E+00
  0.840000000000E+00  0.250000000000E+00  0.000000000000E+00  0.179500000000E+00
  0.850000000000E+00  0.250000000000E+00  0.000000000000E+00  0.179500000000E+00
  0.860000000000E+00  0.250000000000E+00  0.000000000000E+00  0.179500000000E+00
  0.870000000000E+00  0.250000000000E+00  0.000000000000E+00  0.179500000000E+00
  0.880000000000E+00  0.250000000000E+00  0.000000000000E+00  0.179500000000E+00
  0.890000000000E+00  0.250000000000E+00  0.000000000000E+00  0.179500000000E+00
  0.900000000000E+00  0.250000000000E+00  0.000000000000E+00  0.179500000000E+00
  0.910000000000E+00  0.250000000000E+00  0.000000000000E+00  0.179500000000E+00
  0.920000000000E+00  0.250000000000E+00  0.000000000000E+00  0.179500000000E+00
  0.930000000000E+00  0.250000000000E+00  0.000000000000E+00  0.179500000000E+00
  0.940000000000E+00  0.250000000000E+00  0.000000000000E+00  0.179500000000E+00
  0.950000000000E+00  0.250000000000E+00  0.000000000000E+00  0.179500000000E+00
  0.960000000000E+00  0.250000000000E+00  0.000000000000E+00  0.179500000000E+00
  0.970000000000E+00  0.250000000000E+00  0.000000000000E+00  0.179500000000E+00
  0.980000000000E+00  0.250000000000E+00  0.000000000000E+00  0.179500000000E+00
  0.990000000000E+00  0.250000000000E+00  0.000000000000E+00  0.179500000000E+00
  0.100000000000E+01  0.250000000000E+00  0.000000000000E+00  0.179500000000E+00
